307 372 66 118
341 340 58 51
346 175 71 49
312 513 69 47
384 604 64 52
473 553 126 72
186 474 70 45
84 433 68 109
0 655 184 242
0 538 91 117
175 570 117 141
267 677 59 48
188 745 65 44
318 768 134 73
701 66 71 54
828 75 64 48
702 315 61 46
762 477 66 45
849 422 71 49
979 367 90 143
843 293 133 74
555 294 131 76
1128 289 126 75
1013 280 65 46
1226 346 68 54
1121 347 121 144
780 567 131 73
956 571 63 60
1075 557 132 81
1248 427 107 176
1320 370 41 110
1317 199 47 112
583 815 341 84
585 735 138 80
723 708 61 107
784 737 68 78
990 817 66 48
1121 817 66 54
1269 763 90 136
1231 728 66 114
1307 713 51 106
916 1 441 99
542 0 63 29
611 0 57 50
662 0 127 74
789 1 127 92
0 0 143 508
143 0 34 474
177 1 305 105
482 0 47 102
177 106 297 25
177 131 246 18
177 149 142 109
177 258 112 34
177 292 87 75
177 367 65 28
177 395 43 59
319 149 28 29
