1013 280 65 46
1121 347 121 144
1317 199 47 112
583 815 341 84
585 735 138 80
723 708 61 107
784 737 68 78
1307 713 51 106
143 0 34 474
177 131 246 18
177 367 65 28
177 395 43 59
319 149 28 29
1359 0 238 897
966 582 41 35
771 481 42 31
862 425 42 34
710 320 42 33
394 614 36 30
321 516 41 32
343 347 45 32
361 182 39 28
200 477 42 30
271 680 44 32
710 75 41 26
838 85 41 27
1245 359 36 27
1004 822 40 29
1137 825 36 31
200 748 37 28
982 364 86 144
915 0 442 70
789 1 126 68
616 1 53 29
670 0 119 45
529 0 87 12
1250 431 53 81
1289 491 62 78
1301 423 57 78
1322 371 37 52
1241 731 44 87
1274 777 47 72
1301 809 59 70
306 372 63 81
174 574 53 83
195 602 63 77
227 556 64 94
2 0 141 473
78 433 72 78
0 542 84 78
1 618 52 44
0 662 10 35
116 647 53 82
121 729 65 72
100 801 61 75
21 693 58 74
78 715 43 60
15 770 54 47
65 768 59 75
1 818 101 75
1 697 9 60
480 1 47 67
177 0 303 68
177 70 246 60
425 69 57 32
177 293 58 73
179 149 139 62
179 213 109 65
