578 137 782 107
805 703 555 107
564 136 14 110
553 137 11 111
543 141 10 112
533 144 10 116
526 145 7 126
514 153 12 128
501 160 13 146
486 171 15 322
471 188 15 295
458 203 13 266
444 224 14 222
432 249 12 173
421 277 11 110
501 306 10 198
511 367 8 145
519 388 9 129
528 400 10 120
538 409 13 115
551 416 22 111
573 421 24 105
597 422 17 106
614 422 17 118
631 432 11 120
642 436 12 133
654 442 13 153
667 455 17 289
684 468 12 281
696 484 11 270
707 506 18 259
779 700 26 102
756 682 23 112
745 635 11 151
732 562 13 216
725 525 7 247
732 542 9 20
756 661 12 21
497 792 88 107
645 629 22 113
611 643 34 101
583 655 28 120
561 671 22 121
536 699 25 93
517 725 19 67
506 745 11 47
547 685 14 14
659 595 8 34
745 594 7 41
